function [spatialSpectrum, doas]  = DoaEstimatorMUSICSignalImplement(recStvPartition, rxSigNoise, AzimuthScanAngles, MaxNumSig) %#codegen
% DOA estimation using MUSIC method. but filter only the signal.
% input: 
%    % recStvPartition, MxK complex, matrix of steering vectors, each column is one steering vector for a specific Azimuth angle. M is the number of channel. K is the number of azimuth scan angle.
%    % rxSigNoise: NxM complex, N is the number of snapshots, M is the number of channel. each colum is one snapshot
%    % AzimuthScanAngles: 1xK double, azimuth scan angle in degree, should be in assending order.
%    % MaxNumSig: 1x1 double, the number of maximum signals in DOA search.
% output:  
%    % spatialSpectrum, 1xK double, it is a matrix representing the magnitude of the estimated spatial spectrum. 
%    % doas, 1xP double, the signal's direction of arrival (DOA) .
% 2017-10-18 V1.0 Collus Wang and Wayne Zhang. inherited from old repo.
% 2017-10-20 V1.1 Collus Wang. eigD convert to double.

PilotSequence = [0.597750197628676 + 0.899287820462048i,0.832619582099781 + 0.131116226113365i,0.791277450536945 - 0.870126619551477i,0.00511199813821906 - 0.812875746714423i,-0.798163847058874 - 0.597925131295389i,-0.832866975663762 - 0.838791622717269i,-0.586766442514103 - 0.799582096855205i,-0.833370426379568 + 0.0146346813542591i,-0.818914680331913 + 0.792434692124505i,0.0385749092847886 + 0.822980859313228i,0.732202685437865 + 0.657215980004006i,0.923622193220723 + 0.700993451335220i,0.806820371797992 + 0.714344198108465i,-0.109820602127619 + 0.699557220994909i,-0.886386230493411 + 0.678510982596137i,-0.134397997564108 + 0.795011669235930i,0.875863014400597 + 0.846858771129085i,0.806596527013989 - 0.0794641122889465i,0.632225031870510 - 0.973562879403500i,0.758091986539724 + 0.00242797049319710i,0.649466857913873 + 1.00972746024489i,0.780072996585994 - 0.0146729892893962i,0.886578954548940 - 0.941910343383084i,-0.122462658277827 - 0.110029687756464i,-0.949398457264446 + 0.855163324627926i,0.00846865711721725 + 0.813260313752596i,0.933265080733581 + 0.593814839863572i,0.127440458315457 + 0.844338769244911i,-0.868352809497298 + 0.809490755568833i,-0.810260021395785 - 0.0331278753277856i,-0.599168354605588 - 0.737707031737225i,-0.838247501269642 - 0.921166022311540i,-0.801456028123654 - 0.812228990335624i,0.0181892026778493 + 0.117982423842039i,0.790508039425551 + 0.899555635428278i,0.820821416287692 + 0.108559853196637i,0.666522921358200 - 0.820436640360084i,0.690938920087664 - 0.901465701765124i,0.722256991775696 - 0.800254604492219i,0.699560065102030 + 0.0765486180798176i,0.657002000301320 + 0.967092004484677i,0.827567025800378 + 0.0116597453063136i,0.806727490498474 - 0.968213386836347i,-0.0120666932797497 - 0.0953131836281251i,-0.759048227460663 + 0.854771564796316i,-0.909834246311703 + 0.800809053434673i,-0.808331502893841 + 0.660959449088361i,0.0996902644864311 + 0.720721359720704i,0.949635363363849 + 0.717178160636984i,0.0138969199672255 + 0.678862316188488i,-0.962342218189525 + 0.721276787761700i,-0.106235036280923 + 0.710363646654112i,0.863180354503709 + 0.645666366765890i,0.796416658153411 + 0.833104261708592i,0.654747571290877 + 0.798918407063083i,0.732687940429815 - 0.00477696231943516i,0.700630933252572 - 0.754427088881499i,0.690988451307054 - 0.925251582190004i,0.731021341740936 - 0.754276350143574i,0.685667367539991 - 0.00339781102125576i,0.702592609812637 + 0.802593096957289i,0.735115910923013 + 0.826265606137574i,0.641047239274157 + 0.653105781391609i,0.815528729836338 + 0.703449622244404i,0.865591648333791 + 0.705284991785995i,-0.128494484414280 + 0.711742797952292i,-0.890215774119824 + 0.665483591373724i,-0.110045614756338 + 0.801678300081658i,0.805970919406834 + 0.868023022098378i,0.926497016698030 - 0.116752916333887i,0.740007653878974 - 0.915572368888130i,0.0244712664854036 - 0.0834060447578302i,-0.811357446922529 + 0.796911805903784i,-0.831856464403881 + 0.913241486641951i,-0.634018921859194 + 0.811687234321449i,-0.727398098085583 - 0.106322678535725i,-0.707211644484950 - 0.897878821667900i,-0.685332331721207 - 0.121261351185662i,-0.734444181609135 + 0.815593972765416i,-0.685034356805976 + 0.919423437878867i,-0.714746786872397 + 0.741071921347597i,-0.716658180777503 + 0.0300397438164480i,-0.644199417713915 - 0.813967869348111i,-0.826296847560404 - 0.833470538950206i,-0.795389845875613 - 0.633404271660588i,-0.00542826285000829 - 0.728101773942665i,0.794219764268299 - 0.710151854309453i,0.835957951282220 - 0.680207863267152i,0.605165417325606 - 0.736145190298302i,0.803830676594888 - 0.687490527715160i,0.863713694890480 - 0.699876373248363i,-0.112929867542636 - 0.737252973013286i,-0.938129932169607 - 0.640646661597657i,-0.0170473374245001 - 0.812365842063228i,0.997312615314229 - 0.862319640022937i,0.0214115322897759 + 0.117854110855414i,-1.01838398498400 + 0.898872298858942i,0.00535939170220030 + 0.105093171027573i,1.00740022986943 - 0.850201569717520i,-0.0188745887383731 - 0.817361800630935i,-0.989187017656964 - 0.652336277460795i,0.00278129610853988 - 0.713823262310870i,0.955776450883752 - 0.714746786872397i,0.100100056566987 - 0.688936187364462i,-0.876883099825346 - 0.673513461269261i,-0.773324542966187 - 0.811107937239366i,-0.668316811346884 - 0.794445408278086i,-0.733001842344920 - 0.0234013133867066i,-0.631377590566783 + 0.820748451731350i,-0.831173922450478 + 0.815221894433541i,-0.803154932905969 + 0.598951528440691i,0.0131366463784466 + 0.832024879300903i,0.735906180292048 + 0.796631058098380i,0.943775820686637 - 0.00357565522726951i,0.749294515298662 - 0.788056585726458i,-0.00499311446058607 - 0.838639134820122i,-0.737779833102237 - 0.607351067145900i,-0.951975950336194 - 0.797795809451591i,-0.743903130233326 - 0.866499050982776i,0.00808409007904414 + 0.111096796748040i,0.751356220253577 + 0.942759888593662i,0.926597129268668 + 0.0107652736169457i,0.786153694798999 - 0.993956883886621i,-0.0800989169982213 - 0.0199940730564594i,-0.956933599651893 + 1.00757516353614i,-0.0228571919390786 + 0.00623148245630531i,1.02350984462880 - 1.01437950769088i,-0.0138220324389705 + 0.0146135474505797i,-0.948995868500514 + 1.00749311116895i,-0.0990301034682904 - 0.0265488867368607i,0.843763707572375 - 0.950566868122202i,0.820284361352370 - 0.0842004038765598i,0.598789527613151 + 0.809326650834442i,0.831609070839900 + 0.895787201244015i,0.852940639859090 + 0.798692763053295i,-0.122003334977882 - 0.0714394640487189i,-0.880625733534922 - 0.956563930842221i,-0.133212004894899 - 0.0305909317763828i,0.864244621972332 + 1.02548949721652i,0.821888525279268 - 0.00893504692946981i,0.582300157667146 - 1.01044414992577i,0.853896916288968 + 0.0251626689263745i,0.794635285871404 + 0.940348501944160i,-0.0211046968869782 + 0.0989706616294739i,-0.736784685161636 - 0.855028550830224i,-0.934421552367619 - 0.801324974466315i,-0.752787310069662 - 0.643989460186091i,0.00366633848891637 - 0.743375482411386i,0.795918669050615 - 0.664397232883164i,0.824842327423534 - 0.771463074855881i,0.649373976614355 - 0.882904264654734i,0.711742797952292 + 0.108393232274876i,0.673491370247324 + 0.971918985597381i,0.788213684396734 - 0.0300991856552645i,0.818160120327704 - 0.935386747033754i,0.00764894168962190 - 0.103072148507813i,-0.823391794111192 + 0.796507113233001i,-0.795731272092887 + 0.931840481400356i,-0.656154558997593 + 0.738733428882527i,-0.730883070051205 + 0.0213114197191376i,-0.651734560101362 - 0.751336140319071i,-0.801034066063392 - 0.957087948474413i,-0.864162569605137 - 0.723460426494562i,0.110530294365149 - 0.0179730505366983i,0.904413680106844 + 0.750933551555139i,0.104198699338206 + 0.951540801946772i,-0.853402447412920 + 0.718064647976684i,-0.811821720615600 + 0.0327433082896124i,-0.657193888982068 - 0.805970919406834i,-0.713704378633237 - 0.849194710231305i,-0.703004449578752 - 0.570112967833708i,-0.704785258703641 - 0.845656115907589i,-0.674249952426396 - 0.807269339332069i,-0.794336193794834 + 0.0340817888559700i,-0.847363492194718 + 